#== CMD: test0 120 0 100
# Test0: n= 120 t= 2000 v0= 0 dv= 100
 0.00000000  0.01000000  0.00100000 1 0
 0.10000000  0.10000000  0.01900000 0 0
 0.20000000  0.20000000  0.03900000 0 0
 0.30000002  0.30000002  0.05900000 0 0
 0.40000000  0.40000000  0.08100000 0 0
 0.50000000  0.51000004  0.13100000 0 0
 0.60000004  0.60000004  0.15799999 0 0
 0.70000008  0.70000008  0.17300000 0 0
 0.80000000  0.80000000  0.18900000 0 0
 0.90000000  0.90000000  0.20300000 0 0
 1.00000000  1.00000000  0.15799999 0 0
 1.10000000  1.10000000  0.16000000 0 0
 1.20000008  1.20000008  0.16100000 0 0
 1.30000008  1.30000008  0.15899999 0 0
 1.40000016  1.40000016  0.16599999 0 0
 1.50000016  1.50000016  0.17099998 0 0
 1.60000000  1.60000000  0.17300000 0 0
 1.70000000  1.70000000  0.17400000 0 0
 1.80000000  1.80000000  0.17200000 0 0
 1.90000016  1.90000016  0.17900000 0 0
 2.00000000  2.00000000  0.17900000 0 0
 2.10000016  2.10000016  0.18300000 0 0
 2.20000000  2.20000000  0.18400000 0 0
 2.30000016  2.30000016  0.18599998 0 0
 2.40000016  2.40000016  0.18800000 0 0
 2.50000000  2.50000000  0.19000000 0 0
 2.60000016  2.60000016  0.19200000 0 0
 2.70000000  2.70000000  0.19600000 0 0
 2.80000032  2.80000032  0.19800000 0 0
 2.90000000  2.90000000  0.19800000 0 0
 3.00000032  3.00000032  0.20200000 0 0
 3.10000000  3.10000000  0.20400000 0 0
 3.20000000  3.20000000  0.20200000 0 0
 3.30000032  3.30000032  0.20600000 0 0
 3.40000000  3.40000000  0.21000000 0 0
 3.50000032  3.50000032  0.21200000 0 0
 3.60000000  3.60000000  0.21300000 0 0
 3.70000032  3.70000032  0.21499998 0 0
 3.80000032  3.80000032  0.21800000 0 0
 3.90000000  3.90000000  0.21499998 0 0
 4.00000000  4.00000000  0.21900000 0 0
 4.10000032  4.10000032  0.21900000 0 0
 4.20000032  4.20000032  0.22500000 0 0
 4.30000032  4.30000032  0.22500000 0 0
 4.40000000  4.40000000  0.22600000 0 0
 4.50000000  4.50000000  0.22500000 0 0
 4.60000032  4.60000032  0.22800000 0 0
 4.70000032  4.70000032  0.22899998 0 0
 4.80000032  4.80000032  0.22999998 0 0
 4.90000000  4.90000000  0.23300000 0 0
 5.00000000  5.00000000  0.23300000 0 0
 5.10000032  5.10000032  0.23600000 0 0
 5.20000032  5.20000032  0.23900000 0 0
 5.30000032  5.30000032  0.24100000 0 0
 5.40000000  5.40000000  0.23900000 0 0
 5.50000064  5.50000064  0.24000000 0 0
 5.60000064  5.61000000  0.24100000 0 0
 5.70000000  5.70000000  0.24600000 0 0
 5.80000000  5.80000000  0.24800000 0 0
 5.90000000  5.90000000  0.24300000 0 0
 6.00000064  6.00000064  0.25099998 0 0
 6.10000064  6.10000064  0.24700000 0 0
 6.20000000  6.20000000  0.24900000 0 0
 6.30000000  6.30000000  0.24499998 0 0
 6.40000000  6.40000000  0.22999998 0 0
 6.50000064  6.50000064  0.22999998 0 0
 6.60000064  6.60000064  0.23100000 0 0
 6.70000000  6.70000000  0.23100000 0 0
 6.80000000  6.80000000  0.23300000 0 0
 6.90000000  6.90000000  0.23500000 0 0
 7.00000064  7.00000064  0.23500000 0 0
 7.10000064  7.10000064  0.23500000 0 0
 7.20000000  7.20000000  0.23400000 0 0
 7.30000000  7.30000000  0.23600000 0 0
 7.40000064  7.40000064  0.23600000 0 0
 7.50000064  7.50000064  0.23800000 0 0
 7.60000064  7.60000064  0.23800000 0 0
 7.70000000  7.70000000  0.24000000 0 0
 7.80000000  7.80000000  0.24000000 0 0
 7.90000064  7.90000064  0.24100000 0 0
 8.00000000  8.00000000  0.24200000 0 0
 8.10000064  8.10000064  0.24200000 0 0
 8.20000064  8.20000064  0.24300000 0 0
 8.30000000  8.30000000  0.24499998 0 0
 8.40000064  8.40000064  0.24200000 0 0
 8.50000000  8.50000000  0.24399998 0 0
 8.60000064  8.61000064  0.24600000 0 0
 8.70000064  8.71000000  0.24700000 0 0
 8.80000000  8.81000064  0.24600000 0 0
 8.90000064  8.90000064  0.24900000 0 0
 9.00000000  9.00000000  0.25000000 0 0
 9.10000064  9.10000064  0.25099998 0 0
 9.20000064  9.20000064  0.24900000 0 0
 9.30000000  9.30000000  0.25000000 0 0
 9.40000064  9.40000064  0.25400000 0 0
 9.50000000  9.50000000  0.25599998 0 0
 9.60000064  9.60000064  0.25700000 0 0
 9.70000064  9.70000064  0.25500000 0 0
 9.80000000  9.80000000  0.25300000 0 0
 9.90000064  9.90000064  0.25700000 0 0
 10.0000000  10.0000000  0.25599998 0 0
 10.1000000  10.1000000  0.25799998 0 0
 10.2000008  10.2000008  0.25500000 0 0
 10.3000000  10.3000000  0.25700000 0 0
 10.4000008  10.4000008  0.26100000 0 0
 10.5000008  10.5000008  0.26400000 0 0
 10.6000000  10.6000000  0.26499998 0 0
 10.7000008  10.7000008  0.26100000 0 0
 10.8000000  10.8000000  0.25500000 0 0
 10.9000008  10.8900000  0.25900000 0 0
 11.0000008  11.0000008  0.25799998 0 0
 11.1000000  11.1000000  0.25900000 0 0
 11.2000008  11.2000008  0.25799998 0 0
 11.3000000  11.3000000  0.26299998 0 0
 11.4000008  11.4000008  0.26200000 0 0
 11.5000008  11.5000008  0.26200000 0 0
 11.6000000  11.6000000  0.26400000 0 0
 11.7000008  11.7000008  0.26400000 0 0
 11.8000000  11.8000000  0.26600000 0 0
 11.9000008  11.9000008  0.26499998 0 0
# prepare to OFF: 0
#== END: "test0" rc=0 t= 283379
