#== CMD: test0 120 0 100
# Test0: n= 120 t= 5000 v0= 0 dv= 100
 0.00000000  0.00000000  0.00100000  0.02791083 1 0
 0.10000000  0.10000000  0.02600000  0.02855722 0 0
 0.20000000  0.20000000  0.05400000  0.02804901 0 0
 0.30000002  0.30000002  0.07800000  0.02899051 0 0
 0.40000000  0.40000000  0.09800000  0.02988037 0 0
 0.50000000  0.50000000  0.11200000  0.02886599 0 0
 0.60000004  0.60000004  0.16200000  0.03126275 0 0
 0.70000008  0.70000008  0.18400000  0.03609524 0 0
 0.80000000  0.80000000  0.20600000  0.04240275 0 0
 0.90000000  0.90000000  0.17099998  0.03631088 0 0
 1.00000000  1.00000000  0.16399999  0.03251959 0 0
 1.10000000  1.10000000  0.16599999  0.03706103 0 0
 1.20000008  1.20000008  0.17600000  0.04009406 0 0
 1.30000008  1.30000008  0.17500000  0.03395765 0 0
 1.40000016  1.39000016  0.18000000  0.03823638 0 0
 1.50000016  1.50000016  0.18300000  0.03741992 0 0
 1.60000000  1.60000000  0.18500000  0.04330679 0 0
 1.70000000  1.69000000  0.19100000  0.04500299 0 0
 1.80000000  1.80000000  0.19299998  0.04864394 0 0
 1.90000016  1.89000016  0.19500000  0.04979803 0 0
 2.00000000  1.99000016  0.19900000  0.04599156 0 0
 2.10000016  2.10000016  0.20200000  0.04298485 0 0
 2.20000000  2.20000000  0.20200000  0.05016653 0 0
 2.30000016  2.30000016  0.20500000  0.05013970 0 0
 2.40000016  2.40000016  0.20699998  0.05240941 0 0
 2.50000000  2.50000000  0.21000000  0.04831543 0 0
 2.60000016  2.60000016  0.21100000  0.05070460 0 0
 2.70000000  2.70000000  0.21200000  0.04242755 0 0
 2.80000032  2.79000032  0.21200000  0.04494883 0 0
 2.90000000  2.90000000  0.21800000  0.05132062 0 0
 3.00000032  3.00000032  0.21900000  0.04729396 0 0
 3.10000000  3.10000000  0.22400000  0.05248180 0 0
 3.20000000  3.20000000  0.22500000  0.05208191 0 0
 3.30000032  3.30000032  0.22299998  0.04503691 0 0
 3.40000000  3.40000000  0.22600000  0.05392542 0 0
 3.50000032  3.50000032  0.22600000  0.04727321 0 0
 3.60000000  3.60000000  0.22700000  0.04446543 0 0
 3.70000032  3.70000032  0.23200000  0.05392390 0 0
 3.80000032  3.80000032  0.23400000  0.05366676 0 0
 3.90000000  3.90000000  0.23500000  0.05534728 0 0
 4.00000000  4.00000000  0.23100000  0.05491146 0 0
 4.10000032  4.10000032  0.23600000  0.05482186 0 0
 4.20000032  4.20000032  0.23600000  0.05388341 0 0
 4.30000032  4.30000032  0.23500000  0.05541105 0 0
 4.40000000  4.40000000  0.23900000  0.05233348 0 0
 4.50000000  4.50000000  0.24000000  0.05461990 0 0
 4.60000032  4.60000032  0.23900000  0.05600177 0 0
 4.70000032  4.70000032  0.23800000  0.04864596 0 0
 4.80000032  4.80000032  0.24300000  0.05485780 0 0
 4.90000000  4.90000000  0.24399998  0.05786754 0 0
 5.00000000  5.00000000  0.24399998  0.05083013 0 0
 5.10000032  5.10000032  0.24499998  0.05571527 0 0
 5.20000032  5.20000032  0.24700000  0.05018728 0 0
 5.30000032  5.30000032  0.24700000  0.05143501 0 0
 5.40000000  5.40000000  0.25099998  0.05102602 0 0
 5.50000064  5.51000000  0.25000000  0.05766963 0 0
 5.60000064  5.60000064  0.25700000  0.05533310 0 0
 5.70000000  5.70000000  0.25200000  0.05356198 0 0
 5.80000000  5.80000000  0.25900000  0.05823351 0 0
 5.90000000  5.90000000  0.25500000  0.05850331 0 0
 6.00000064  6.00000064  0.26200000  0.05447513 0 0
 6.10000064  6.10000064  0.26000000  0.05413852 0 0
 6.20000000  6.20000000  0.26200000  0.05527793 0 0
 6.30000000  6.30000000  0.26400000  0.05957793 0 0
 6.40000000  6.40000000  0.26499998  0.05523237 0 0
 6.50000064  6.50000064  0.26600000  0.05682279 0 0
 6.60000064  6.60000064  0.26699998  0.05647656 0 0
 6.70000000  6.70000000  0.26800000  0.05956375 0 0
 6.80000000  6.80000000  0.26800000  0.05975863 0 0
 6.90000000  6.90000000  0.26999998  0.06005120 0 0
 7.00000064  7.00000064  0.27100000  0.06028911 0 0
 7.10000064  7.10000064  0.27199998  0.05714320 0 0
 7.20000000  7.20000000  0.27300000  0.06144978 0 0
 7.30000000  7.30000000  0.27100000  0.06003602 0 0
 7.40000064  7.40000064  0.27100000  0.06051689 0 0
 7.50000064  7.50000064  0.27399998  0.06238925 0 0
 7.60000064  7.60000064  0.27399998  0.05819201 0 0
 7.70000000  7.70000000  0.27699998  0.05901100 0 0
 7.80000000  7.80000000  0.27600000  0.05870325 0 0
 7.90000064  7.90000064  0.27699998  0.05927068 0 0
 8.00000000  8.00000000  0.27600000  0.06168819 0 0
 8.10000064  8.10000064  0.28000000  0.06412342 0 0
 8.20000064  8.20000064  0.28099998  0.06414113 0 0
 8.30000000  8.30000000  0.27899998  0.05980419 0 0
 8.40000064  8.40000064  0.28399998  0.06333176 0 0
 8.50000000  8.50000000  0.28399998  0.06367696 0 0
 8.60000064  8.60000064  0.28399998  0.06351600 0 0
 8.70000064  8.70000064  0.28500000  0.06486041 0 0
 8.80000000  8.80000000  0.28500000  0.06051841 0 0
 8.90000064  8.90000064  0.28799998  0.05933192 0 0
 9.00000000  9.00000000  0.29000000  0.06008613 0 0
 9.10000064  9.10000064  0.28799998  0.06024558 0 0
 9.20000064  9.20000064  0.28599998  0.06497380 0 0
 9.30000000  9.30000000  0.28700000  0.06514388 0 0
 9.40000064  9.40000064  0.29000000  0.06656118 0 0
 9.50000000  9.50000000  0.28700000  0.06455924 0 0
 9.60000064  9.60000064  0.29299998  0.06054827 0 0
 9.70000064  9.70000064  0.28799998  0.06429906 0 0
 9.80000000  9.80000000  0.28900000  0.06455266 0 0
 9.90000064  9.90000064  0.29099998  0.06294655 0 0
 10.0000000  10.0000000  0.29999998  0.06397308 0 0
 10.1000000  10.1000000  0.29600000  0.06510338 0 0
 10.2000008  10.2000008  0.29499998  0.06400446 0 0
 10.3000000  10.3000000  0.29999998  0.06617901 0 0
 10.4000008  10.4000008  0.29400000  0.06382629 0 0
 10.5000008  10.5000008  0.30400000  0.06609499 0 0
 10.6000000  10.6000000  0.30500000  0.06534635 0 0
 10.7000008  10.7000008  0.29600000  0.06665381 0 0
 10.8000000  10.8000000  0.29299998  0.06260336 0 0
 10.9000008  10.9000008  0.29900000  0.06443016 0 0
 11.0000008  11.0000008  0.30199998  0.06636680 0 0
 11.1000000  11.1000000  0.30600000  0.06678289 0 0
 11.2000008  11.2000008  0.30600000  0.06675302 0 0
 11.3000000  11.3000000  0.29999998  0.06449141 0 0
 11.4000008  11.4000008  0.29799998  0.06510490 0 0
 11.5000008  11.5000008  0.29900000  0.06680161 0 0
 11.6000000  11.6000000  0.30400000  0.06660572 0 0
 11.7000008  11.7000008  0.30300000  0.06514135 0 0
 11.8000000  11.8000000  0.30600000  0.06478095 0 0
 11.9000008  11.9000008  0.30500000  0.06386324 0 0
# prepare to OFF: 0
#== END: "test0" rc=0 t= 650712
